586
1010
     0      1    66.54
     1    363    29.17
     2      3    12.82
     2    304   108.04
     3    296    10.91
     3    290    87.21
     4      5     8.99
     4      0    14.20
     5      4     8.99
     5    518    40.82
     5    519    33.40
     6      7    55.67
     7    351    35.70
     8      9   148.35
     8    570    88.64
     9     10    57.28
     9    469   103.98
    10     11    95.30
    10    115   143.49
    11    100    23.00
    12     13    63.82
    12    192   207.48
    12    235    73.91
    13     14    53.37
    13    463    78.36
    14    198    81.28
    14    251    27.84
    15     16    61.64
    15    407    25.12
    16     15    61.64
    16    546    22.23
    17    310    85.57
    18     19    85.24
    18     66    25.24
    19     26   118.27
    20     21    19.40
    21     25   103.78
    21    206    95.90
    22     23    24.58
    22    410    13.42
    23     22    24.58
    23    200   143.33
    23    324   139.87
    24     25    51.76
    24    562     9.89
    25     24    51.76
    25    345    70.89
    25     21   103.78
    26     27    44.60
    27     72    68.94
    28     29   119.70
    29    358   109.47
    29     66    91.04
    30     31    59.68
    30    521   408.62
    30    520     8.32
    31     30    59.68
    31    341    45.03
    32     33    67.57
    32    414    34.72
    32    415    13.33
    33     32    67.57
    33     34    13.26
    34     33    13.26
    34    357    59.10
    35     36   136.82
    35    487    39.03
    36     35   136.82
    36    145   198.31
    37     38   125.89
    37    145    21.17
    37    378   110.72
    38    147    86.02
    39     40   101.71
    39    102    84.04
    40    105    68.59
    41     42    87.93
    41     93   121.13
    41     77   147.18
    42     83    51.31
    42     90    63.12
    43     44    11.35
    43    551    36.07
    44    419    19.76
    45     46    34.62
    45    192   190.52
    45    185    36.02
    46     45    34.62
    47     48    16.21
    47    314    31.00
    48     49    12.20
    48     70   151.78
    49     50    31.31
    49     52   150.37
    50     51    18.10
    51    315     4.55
    52     49   150.37
    52     68    51.73
    53     54    51.07
    54    408    25.79
    55     56   180.49
    56    567    29.44
    57     58   115.19
    57    132    99.72
    58    143    12.12
    59     50    78.24
    60     61    88.68
    60    561    24.59
    61     60    88.68
    61     47    14.50
    62     63    32.78
    62    371    19.38
    63    264    35.85
    64     65    75.70
    64    461    64.85
    65     64    75.70
    65     67    32.28
    65     18    71.99
    66     67    64.52
    66     18    25.24
    66    264    22.08
    67     65    32.28
    67    260   179.97
    68     69    92.69
    68    396    61.56
    68     52    51.73
    69    411    18.49
    70     72    42.68
    71     70    97.60
    71    199    29.29
    71     72    84.34
    72     71    84.34
    72    316    69.36
    73     74    94.90
    74     82     8.88
    75     76    69.36
    75    365    70.66
    75    366    70.98
    76     86    80.87
    77     78    50.74
    78    455   255.79
    78     79    13.21
    79     80   100.95
    79    367    88.91
    80     57    83.10
    81     82   138.16
    82    367     3.21
    83    338    23.72
    84     85     7.35
    84    385    28.15
    85     86   122.94
    85    366    16.80
    86    338    13.20
    87     88    61.89
    87    133    75.81
    88     89    54.99
    88    361    91.42
    89    341    52.68
    89    425    89.71
    90     94    52.34
    91     92    79.48
    92    287    76.42
    92    288   118.27
    93    342    74.85
    93    343    79.72
    94     95   129.40
    94    489    20.26
    95     41   113.57
    95    495   119.80
    95    342    39.68
    96     97   112.73
    96    280    64.32
    96    294     8.72
    97    457    10.88
    98     99    97.70
    98    494    97.39
    99    101     7.73
    99    468    10.18
   100    101   144.31
   101    118   117.56
   102    103     8.61
   102     55    46.57
   103    150    88.08
   103    491    59.65
   104    105    29.96
   104    107    31.08
   104    163    28.33
   105    104    29.96
   105    375    69.02
   106    107    51.42
   106     43    12.81
   107    106    51.42
   107    104    31.08
   108    106    71.52
   108    151    55.39
   109    107    77.23
   110    109    73.97
   110    374    28.15
   110    112    20.43
   111    112   117.31
   111    157   122.15
   112    156    22.55
   112    110    20.43
   113    114    46.05
   113    187    86.61
   113    488   120.29
   114    113    46.05
   114    504    49.44
   115    580    14.41
   116    117    65.14
   117    193   146.48
   117    234    91.77
   118    119    10.21
   119    349    16.28
   119    116   112.16
   119    235   162.61
   120    121   111.46
   120     98    65.05
   121    531    34.94
   122    123    35.29
   122    421    53.45
   123    120    43.87
   124    125    47.60
   124    438    40.73
   125    124    47.60
   125    126     9.48
   125    267    47.91
   126    125     9.48
   126    127    43.27
   127    128    73.65
   127    420    40.47
   128    368    90.92
   129    130   126.86
   129    131   128.65
   129    280    91.39
   130    271    80.02
   130    272    74.74
   131    129   128.65
   131    132   124.23
   132     57    99.72
   132    271    63.15
   133     87    75.81
   134    135    52.56
   134    185    64.28
   134    499    46.59
   135    134    52.56
   135    441    31.90
   135    576    33.63
   136    137     6.12
   136    431    61.01
   137    136     6.12
   137    540     5.35
   138    139    55.77
   139    169    72.42
   139    577    30.54
   140    492    17.44
   141    142   119.11
   141    167   121.45
   142    141   119.11
   143    144   110.23
   143    409    94.01
   143     58    12.12
   144    132   124.83
   145    146    76.35
   145     37    21.17
   145    402    10.08
   145     36   198.31
   146    145    76.35
   146    147    86.32
   146    227    69.13
   147    146    86.32
   147    148    59.56
   148    147    59.56
   148    149    84.30
   148    189    21.70
   149    148    84.30
   149    229    31.38
   149    571    15.46
   150      8    29.18
   150    470   151.57
   151    152    36.97
   151    108    55.39
   151    166    46.65
   152    153    23.06
   152    374    13.85
   153    152    23.06
   153    159    72.57
   154    155    53.85
   155    393     7.96
   155    394    12.12
   156    157   149.31
   156    394    12.26
   156    112    22.55
   157    160    94.13
   158    159    14.24
   158    154    51.70
   158    161    16.37
   159    158    14.24
   159    393    58.24
   160    164    18.10
   161    162    50.33
   161    364   152.91
   162    373    34.12
   162    167    26.48
   163    111    93.06
   163    104    28.33
   163    376    37.49
   164    435     4.59
   165    166    62.94
   165    169    42.94
   165    578    61.94
   166    373    57.90
   166    151    46.65
   167    168    95.22
   167    162    26.48
   167    141   121.45
   168    138    56.12
   168    142   130.06
   169    168    57.50
   169    373    74.30
   170    171   102.87
   170     38   123.27
   171    378   183.42
   171    458    35.81
   172    173   110.86
   172    174    38.09
   172    171    70.56
   173    172   110.86
   173    170    32.70
   173    182    40.63
   174    175    56.38
   174    164    35.47
   174    172    38.09
   175    180    99.29
   175    179    69.78
   176    177   103.79
   176    178    78.83
   177    176   103.79
   177    376   115.06
   178    179   100.66
   178    180    63.46
   179    178   100.66
   179    177    86.90
   180    175    99.29
   180    173    36.57
   181    182   119.57
   181    149    19.98
   182    181   119.57
   182    148   116.64
   182    173    40.63
   183    184    59.60
   184    172    36.66
   185    186   135.08
   185     45    36.02
   186    333    35.80
   186    209    49.70
   187    188   177.63
   188    189    79.17
   188    220    25.57
   189    148    21.70
   189    188    79.17
   189    228    38.23
   190    191   149.95
   190    193   105.94
   190    114   117.74
   191    215    23.45
   192     45   190.52
   192    194     9.85
   193    190   105.94
   193    208   159.07
   193    194    60.17
   194    193    58.42
   194    234    75.28
   194    192     9.85
   195    196    38.55
   195    254   105.29
   195     15    30.71
   196    197   121.18
   196    253    61.01
   197    198    32.43
   197    252    77.63
   198     14    81.28
   198    463    31.94
   199     71    29.29
   199    447     8.61
   199    502    25.39
   199    302    30.29
   200     23   143.33
   200    581     4.99
   201    202    35.75
   202    260   189.92
   202    263    54.90
   203    201    76.61
   204    205   132.25
   204    203    80.07
   205    262    54.13
   206    207    77.51
   206     21    95.90
   207    206    77.51
   207     87    89.47
   208    484     7.67
   209    194   136.65
   209    484    52.11
   210    211    25.21
   211    210    25.21
   211    212    49.36
   211    215    70.13
   212    211    49.36
   213    191    22.18
   214    213   113.42
   214    538    33.21
   215    216    41.53
   215    211    70.13
   216    485   107.47
   217    213    39.89
   218    219    83.11
   218    225    78.42
   219    218    83.11
   219    220   125.56
   219    224    88.94
   220    219   125.56
   220    188    25.57
   221    188    58.08
   221    232    52.28
   222    223   156.76
   222    224   143.42
   222     36    57.42
   223    220     8.91
   223    228    86.62
   224    225     4.91
   225    214    81.18
   226    222    94.91
   227    226    68.86
   227    228    68.55
   227    146    69.13
   228    227    68.55
   228    189    38.23
   228    223    86.62
   229    221    41.68
   230    231    21.17
   231    181    68.98
   231    413   125.69
   231    571    39.83
   232    221    52.28
   232    233   135.12
   232    230    50.91
   233    232   135.12
   233    469     8.36
   234    235   194.65
   235    119   162.61
   235     12    73.91
   236    237    13.60
   236    134    75.44
   237    236    13.60
   237    522    47.91
   238    239    42.83
   238    250   166.37
   238    537   147.58
   239    240    61.38
   239    243   117.72
   240    243   128.72
   240    539   158.56
   240    241    85.26
   241    242   100.50
   241    464    66.02
   241    249   170.78
   242    482     7.47
   243    244    45.11
   244    250    32.20
   245    246    79.15
   245    255    72.06
   245    250    34.51
   246    247     4.12
   246    252    75.34
   247    248    55.39
   248     14    60.08
   249    244    71.96
   250    258    73.10
   250    238   166.37
   250    245    34.51
   251    249   104.42
   251    464   160.87
   252    254    37.31
   252    197    77.63
   253    252    31.01
   253    440    30.87
   254    255    37.74
   255    546    28.37
   255    245    72.06
   256    257   134.17
   256    124    14.33
   257    258   104.39
   257    255    84.39
   258    259    27.59
   259    439    15.17
   260    368    88.58
   261    262   103.51
   261    436    27.59
   261    204    68.89
   262    434    42.00
   263     67   178.00
   264     62    70.22
   264     66    22.08
   265    266     6.54
   266    195    34.52
   266    427    59.21
   267    268    61.11
   268    422    25.44
   269    270    75.51
   270    400    14.09
   271    132    63.15
   271    130    80.02
   271    426   125.57
   272    273    92.82
   272    278   116.11
   273    272    92.82
   273    274     9.11
   274    273     9.11
   274    275    68.93
   275    276   161.73
   275    274    68.93
   275    550    41.48
   276    275   161.73
   276    277    18.08
   276    541    27.95
   277    276    18.08
   277    380    25.44
   278    279   122.73
   278    380    91.79
   279    278   122.73
   279    280   106.73
   280    279   106.73
   280     96    64.32
   280    129    91.39
   281    282    33.14
   281    297     8.95
   281    291   175.04
   282    283    84.92
   282    459    78.01
   283    292    78.71
   283    382    66.58
   284    285    78.41
   284    297    38.19
   285    496    76.60
   286    287   110.23
   286    381   153.11
   286    384    33.59
   287    288   158.65
   287    298   101.63
   288    423     3.67
   289    283   203.13
   290    291     9.29
   290    297   174.28
   291    289    13.76
   291    307    15.50
   292    283    78.71
   292    293    22.58
   292    460    87.42
   293    292    22.58
   294    295    25.65
   294     96     8.72
   295    450    98.01
   296    398    15.37
   296    308    22.64
   297    281     8.95
   297    397    50.16
   297    284    38.19
   298    299     8.88
   298    510    42.66
   299    516   159.76
   300    301     2.86
   300    489     5.56
   301    300     2.86
   301    424    23.15
   301    443    32.32
   302    303   154.91
   302    336   156.25
   302    199    30.29
   303    302   154.91
   303    392    33.67
   304    500    45.20
   305    306    17.14
   305    524    37.64
   306    405    29.04
   306    501    13.71
   307    296    69.00
   308    309   102.54
   308    296    22.64
   309    308   102.54
   310     17    85.57
   310    362    17.11
   311    471    75.11
   312     18    27.61
   313    122    82.74
   313    399    57.66
   314     51     6.77
   315    547     9.29
   315    340    12.86
   316     28    44.37
   317    318   220.15
   318    317   220.15
   318    319    37.15
   319    318    37.15
   319    320    53.40
   319    429    74.87
   320    319    53.40
   320    353    80.09
   320    430    76.63
   321    322   192.01
   321    353    45.53
   321    354    40.82
   322    321   192.01
   322    136    55.41
   323    416    14.72
   324    325    48.57
   324     23   139.87
   325    324    48.57
   325    561    36.35
   326    327    21.45
   327    326    21.45
   327    328    82.72
   328    329   143.93
   329    330    70.96
   329    335   100.29
   330    563   113.21
   331    332   104.68
   332    331   104.68
   332    333   104.32
   332    334   192.53
   333    332   104.32
   333    186    35.80
   333    334    87.47
   334    332   192.53
   334    499   113.56
   335    329   100.29
   335    327    94.50
   336    337   101.54
   336    344    21.46
   336    348    45.79
   336    558    14.16
   336    302   156.25
   337    559    10.75
   338     89    70.95
   339    340    57.84
   340    569    15.48
   341     90    85.08
   341     89    52.68
   341     31    45.03
   342     93    74.85
   342     95    39.68
   343     93    79.72
   343    453    23.24
   344    336    21.46
   344    385    16.68
   344    558    17.61
   345     25    70.89
   346    347    44.73
   347    535    22.19
   348    207    94.90
   349    350   161.82
   350    265    40.17
   350    352    62.37
   351    120    89.99
   352    120    63.21
   352    123    78.62
   353    320    80.09
   353    321    45.53
   353    354   144.16
   354    321    40.82
   354    355    60.31
   354    353   144.16
   355    354    60.31
   356    357   113.59
   357    356   113.59
   357     34    59.10
   357    372     5.81
   358    359    20.26
   358     29   109.47
   359    339    26.33
   359    360    23.90
   360    339    25.52
   360    369    30.13
   361     88    91.42
   362    310    17.11
   362    555    24.17
   362    387    13.75
   363    562    10.37
   363     24    10.13
   364    161   152.91
   365     75    70.66
   365     78    90.68
   366     75    70.98
   366     84    16.00
   367    395   114.12
   367    365    15.91
   368     63   192.29
   369    370   152.48
   369    371   134.26
   370    128    43.25
   371    358    84.04
   371     62    19.38
   372    323    11.15
   372    357     5.81
   373    166    57.90
   373    162    34.12
   373    169    74.30
   374    110    28.15
   374    152    13.85
   375     39    11.82
   376    163    37.49
   376    377    99.93
   377    176    97.64
   377    585     6.05
   378     37   110.72
   378    379   119.05
   379    378   119.05
   380    273   134.88
   380    277    25.44
   380    278    91.79
   381    286   153.11
   381    513    36.94
   381    512     7.76
   382    383    37.33
   383    286     7.85
   384    286    33.01
   385    386    27.38
   385    344    16.68
   385    554    12.81
   386    348    23.53
   386     87    73.88
   387    388    15.23
   387    362    13.75
   388    387    15.23
   388    555    26.03
   388    549    17.98
   389    390     9.29
   390    445    13.60
   391    392    25.14
   392    391    25.14
   392    303    33.67
   393    155     7.96
   394    155    12.12
   394    156    12.26
   395    533     5.46
   396     68    61.56
   396    502    21.19
   397    511    12.35
   398      2    16.18
   398    566     6.55
   399    313    57.66
   399    532    40.95
   399    543   153.73
   400     59    83.39
   401    402     5.44
   401    540    22.54
   402    401     5.44
   402    145    10.08
   403    404    35.90
   403    503    12.67
   404     79   261.65
   405    406    37.82
   405    500    13.16
   406    528    19.76
   407    256    58.28
   408     81   116.85
   409    544    18.40
   410    372     9.83
   411    412    77.71
   412     73    72.46
   413    233    60.98
   413    231   125.69
   413    470    17.89
   414     32    34.72
   415    312    67.09
   416     22    11.06
   417    436    16.63
   418    238    89.65
   419     56    15.09
   420    399    94.41
   421    490    13.88
   422    265    28.65
   423    424    32.56
   424    298   158.99
   424    517     2.97
   425     89    89.71
   425    553     7.27
   426    271   125.57
   427    266    59.21
   428    429   107.82
   429    430    54.43
   429    319    74.87
   430    136    80.47
   431    429    56.11
   431    428    94.07
   432    433    16.31
   433    396    40.68
   434    437    87.04
   434    438   132.80
   434    257    41.26
   435    174    36.41
   436    261    27.59
   436    437    22.71
   437    434    87.04
   437    259    24.12
   438    434   132.80
   438    368    94.77
   438    127    78.09
   439    418   149.99
   439    417    16.68
   440    253    30.87
   441    442    69.10
   441     12   117.31
   442     13   121.21
   443     91   100.28
   444    445    15.09
   444    508    11.90
   445    535    56.89
   446     20     9.44
   447    448     1.68
   448    560    13.66
   449    446   115.38
   450    452   156.85
   451     96   132.03
   452    405     7.69
   453    454    93.72
   453     97    10.59
   454    294    21.46
   455    456    31.78
   456    503     4.38
   457    403    11.05
   458    183    27.85
   458    525    63.68
   459    282    78.01
   460    292    87.42
   461     64    64.85
   462    335    89.07
   462    134    49.04
   462    563     8.24
   463    235    63.84
   464    237    92.32
   465    466   298.65
   466    465   298.65
   466    520     8.76
   467      7    65.03
   467    468    10.55
   468      9    95.93
   468     99    10.18
   469    470    57.30
   470    150   151.57
   470    413    17.89
   471    472     9.62
   471    475    68.13
   472    557    11.06
   473    474    14.20
   474    556     9.33
   475      5    14.57
   476    477    50.27
   477    478    72.76
   478    479    25.01
   479    565     3.57
   480    530    18.70
   481    581    81.98
   482    483    36.09
   483    236   116.25
   484    485   101.84
   485    486   201.03
   486    487    17.71
   486    583    20.03
   487     35    39.03
   488    190    90.01
   488    218    14.33
   489     94    20.26
   489    300     5.56
   489     30    93.95
   490    313    81.94
   491    103    59.65
   492    493    32.21
   493    542    28.61
   494    118    11.47
   494    349    12.25
   495     95   119.80
   495    496     9.32
   496    497    51.50
   496    495     9.32
   497    498     7.81
   497    515    10.72
   498    381    35.36
   499    462    11.48
   499    563     9.13
   500    305    13.01
   501    451   146.44
   502    396    21.19
   502    199    25.39
   502    432    55.17
   503    343     9.43
   504    505    25.70
   505    113    50.24
   506    507    31.18
   507    552    61.17
   508    509    24.74
   509    506     9.48
   510    498    10.83
   511    512    36.86
   511    285    51.45
   512    497    35.62
   512    381     7.76
   513    514    12.36
   513    511     7.86
   514    281    49.25
   515    299    41.81
   516    489    24.58
   517    516     4.99
   518      5    40.82
   518    575    15.84
   519    520   408.58
   520     30     8.32
   520    466     8.76
   520    301    95.38
   521      4    33.36
   522    523    10.02
   523    442    31.38
   524    529    46.78
   525    458    63.68
   526    527    24.53
   526    549    63.71
   527    526    24.53
   528      3    96.04
   529    480    11.99
   530    306    54.36
   531      6    35.46
   531    351    56.58
   532    399    40.95
   532    579    14.03
   533    534    14.11
   534    444    57.05
   535    536    12.61
   535    534    14.14
   536    365   112.18
   537    238   147.58
   538    582    58.49
   538     35    13.17
   539    482    75.09
   540    401    22.54
   540    137     5.35
   541    276    27.95
   542    108    69.51
   543    399   153.73
   543    564    24.22
   544    545    76.32
   545    140    17.83
   546     16    22.23
   546    255    28.37
   547    548    36.63
   547    315     9.29
   548    547    36.63
   548    564    38.02
   549    526    63.71
   549    388    17.98
   550    275    41.48
   551    584    17.45
   552    336    20.23
   553    554    10.42
   553    425     7.27
   554    553    10.42
   554     85    25.83
   554    385    12.81
   555    362    24.17
   555    388    26.03
   555    573     9.51
   556    311     8.64
   557      1    11.90
   558    346    54.94
   559    389     8.01
   560    449    11.30
   561     60    24.59
   561    325    36.35
   562    473    34.56
   563    462     8.24
   563    330   113.21
   564    548    38.02
   564    543    24.22
   565    568    13.19
   566      2    18.42
   567    476    11.80
   568     53    17.74
   569     47    15.36
   569     61    26.75
   570    467    62.63
   571    149    15.46
   571    231    39.83
   572    573   128.43
   572    574     7.03
   573    572   128.43
   573    555     9.51
   574    572     7.03
   574    575    95.53
   575    518    15.84
   575    574    95.53
   576    135    33.63
   577    578    11.62
   578    577    11.62
   578    165    61.94
   579    269    81.62
   580    187    22.04
   581    481    81.98
   581    200    30.94
   582    217    58.94
   583    582     7.64
   584    375    27.71
   585    377     6.05
