1010
     0      1     7.99
     1    363     3.50
     2      3     1.54
     2    304     7.78
     3    296     0.79
     3    290    10.47
     4      5     1.08
     4      0     1.70
     5      4     1.08
     5    518     4.90
     5    519     4.01
     6      7    10.02
     7    351     6.43
     8      9    26.70
     8    570    10.64
     9     10    10.31
     9    469    18.72
    10     11    17.15
    10    115    25.83
    11    100     4.14
    12     13    11.49
    12    192    37.35
    12    235     8.87
    13     14     9.61
    13    463    14.10
    14    198    14.63
    14    251     5.01
    15     16     7.40
    15    407     3.01
    16     15     7.40
    16    546     2.67
    17    310    10.27
    18     19    10.23
    18     66     3.03
    19     26    14.19
    20     21     2.33
    21     25    12.45
    21    206    11.51
    22     23     2.95
    22    410     1.61
    23     22     2.95
    23    200    25.80
    23    324    16.78
    24     25     6.21
    24    562     1.19
    25     24     6.21
    25    345    12.76
    25     21    12.45
    26     27     5.35
    27     72     8.27
    28     29    14.36
    29    358    19.70
    29     66    10.93
    30     31     7.16
    30    521    49.03
    30    520     1.00
    31     30     7.16
    31    341     5.40
    32     33     8.11
    32    414     4.17
    32    415     1.60
    33     32     8.11
    33     34     1.59
    34     33     1.59
    34    357     7.09
    35     36    16.42
    35    487     2.81
    36     35    16.42
    36    145    23.80
    37     38    22.66
    37    145     2.54
    37    378    13.29
    38    147    15.48
    39     40    18.31
    39    102    10.08
    40    105    12.35
    41     42    10.55
    41     93    14.54
    41     77    17.66
    42     83     6.16
    42     90     7.57
    43     44     1.36
    43    551     4.33
    44    419     2.37
    45     46     6.23
    45    192    34.29
    45    185     6.48
    46     45     6.23
    47     48     2.92
    47    314     3.72
    48     49     2.20
    48     70    27.32
    49     50     5.64
    49     52    27.07
    50     51     3.26
    51    315     0.55
    52     49    27.07
    52     68     9.31
    53     54     6.13
    54    408     3.09
    55     56    32.49
    56    567     3.53
    57     58    13.82
    57    132    17.95
    58    143     1.45
    59     50    14.08
    60     61    10.64
    60    561     2.95
    61     60    10.64
    61     47     1.74
    62     63     5.90
    62    371     3.49
    63    264     4.30
    64     65     9.08
    64    461     7.78
    65     64     9.08
    65     67     3.87
    65     18     8.64
    66     67     7.74
    66     18     3.03
    66    264     2.65
    67     65     3.87
    67    260    32.39
    68     69    16.68
    68    396    11.08
    68     52     9.31
    69    411     3.33
    70     72     7.68
    71     70    17.57
    71    199     3.52
    71     72    10.12
    72     71    10.12
    72    316     8.32
    73     74    17.08
    74     82     1.60
    75     76     8.32
    75    365     8.48
    75    366     8.52
    76     86     9.70
    77     78     6.09
    78    455    30.69
    78     79     1.59
    79     80    12.11
    79    367    10.67
    80     57     9.97
    81     82    16.58
    82    367     0.39
    83    338     2.85
    84     85     0.88
    84    385     3.38
    85     86    14.75
    85    366     2.02
    86    338     1.58
    87     88     7.43
    87    133     9.10
    88     89     6.60
    88    361    10.97
    89    341     6.32
    89    425    10.76
    90     94     6.28
    91     92     9.54
    92    287    13.76
    92    288    14.19
    93    342     8.98
    93    343     9.57
    94     95    15.53
    94    489     2.43
    95     41    13.63
    95    495    14.38
    95    342     4.76
    96     97    13.53
    96    280    11.58
    96    294     1.05
    97    457     1.31
    98     99    17.59
    98    494    17.53
    99    101     0.93
    99    468     1.22
   100    101    25.98
   101    118    14.11
   102    103     1.03
   102     55     8.38
   103    150    10.57
   103    491    10.74
   104    105     5.39
   104    107     5.59
   104    163     5.10
   105    104     5.39
   105    375    12.42
   106    107     9.26
   106     43     1.54
   107    106     9.26
   107    104     5.59
   108    106     8.58
   108    151     6.65
   109    107    13.90
   110    109    13.32
   110    374     5.07
   110    112     3.68
   111    112    21.12
   111    157    21.99
   112    156     4.06
   112    110     3.68
   113    114     8.29
   113    187    15.59
   113    488    21.65
   114    113     8.29
   114    504     8.90
   115    580     2.59
   116    117    11.73
   117    193    26.37
   117    234    16.52
   118    119     1.23
   119    349     2.93
   119    116    20.19
   119    235    19.51
   120    121    20.06
   120     98    11.71
   121    531     6.29
   122    123     6.35
   122    421     9.62
   123    120     7.90
   124    125     8.57
   124    438     4.89
   125    124     8.57
   125    126     1.71
   125    267     8.62
   126    125     1.71
   126    127     7.79
   127    128    13.26
   127    420     4.86
   128    368    16.37
   129    130    22.83
   129    131    23.16
   129    280    16.45
   130    271    14.40
   130    272    13.45
   131    129    23.16
   131    132    22.36
   132     57    17.95
   132    271    11.37
   133     87     9.10
   134    135     6.31
   134    185     4.63
   134    499     5.59
   135    134     6.31
   135    441     3.83
   135    576     6.05
   136    137     0.73
   136    431     7.32
   137    136     0.73
   137    540     0.64
   138    139    10.04
   139    169    13.04
   139    577     5.50
   140    492     3.14
   141    142    14.29
   141    167    14.57
   142    141    14.29
   143    144    19.84
   143    409    11.28
   143     58     1.45
   144    132    22.47
   145    146     9.16
   145     37     2.54
   145    402     1.21
   145     36    23.80
   146    145     9.16
   146    147    10.36
   146    227    12.44
   147    146    10.36
   147    148     7.15
   148    147     7.15
   148    149    10.12
   148    189     3.91
   149    148    10.12
   149    229     5.65
   149    571     1.85
   150      8     3.50
   150    470    18.19
   151    152     6.65
   151    108     6.65
   151    166     5.60
   152    153     4.15
   152    374     2.49
   153    152     4.15
   153    159    13.06
   154    155     9.69
   155    393     1.43
   155    394     2.18
   156    157    26.88
   156    394     2.21
   156    112     4.06
   157    160    16.94
   158    159     2.56
   158    154     9.31
   158    161     2.95
   159    158     2.56
   159    393    10.48
   160    164     3.26
   161    162     9.06
   161    364    27.52
   162    373     4.09
   162    167     3.18
   163    111    16.75
   163    104     5.10
   163    376     6.75
   164    435     0.55
   165    166    11.33
   165    169     7.73
   165    578    11.15
   166    373     6.95
   166    151     5.60
   167    168    17.14
   167    162     3.18
   167    141    14.57
   168    138    10.10
   168    142    23.41
   169    168    10.35
   169    373    13.37
   170    171    18.52
   170     38    22.19
   171    378    33.02
   171    458     6.45
   172    173    13.30
   172    174     4.57
   172    171    12.70
   173    172    13.30
   173    170     5.89
   173    182     4.88
   174    175    10.15
   174    164     4.26
   174    172     4.57
   175    180    17.87
   175    179    12.56
   176    177    18.68
   176    178    14.19
   177    176    18.68
   177    376    20.71
   178    179    18.12
   178    180    11.42
   179    178    18.12
   179    177    15.64
   180    175    17.87
   180    173     6.58
   181    182    14.35
   181    149     2.40
   182    181    14.35
   182    148    14.00
   182    173     4.88
   183    184    10.73
   184    172     4.40
   185    186     9.73
   185     45     6.48
   186    333     4.30
   186    209     3.58
   187    188    31.97
   188    189    14.25
   188    220     4.60
   189    148     3.91
   189    188    14.25
   189    228     6.88
   190    191    26.99
   190    193    19.07
   190    114    21.19
   191    215     4.22
   192     45    34.29
   192    194     1.77
   193    190    19.07
   193    208    28.63
   193    194    10.83
   194    193    10.52
   194    234    13.55
   194    192     1.77
   195    196     6.94
   195    254    18.95
   195     15     5.53
   196    197    21.81
   196    253    10.98
   197    198     5.84
   197    252    13.97
   198     14    14.63
   198    463     5.75
   199     71     3.52
   199    447     1.03
   199    502     4.57
   199    302     3.64
   200     23    25.80
   200    581     0.90
   201    202     6.43
   202    260    34.19
   202    263     9.88
   203    201    13.79
   204    205    23.81
   204    203    14.41
   205    262     9.74
   206    207     9.30
   206     21    11.51
   207    206     9.30
   207     87    10.74
   208    484     1.38
   209    194    24.60
   209    484     3.75
   210    211     4.54
   211    210     4.54
   211    212     8.88
   211    215    12.62
   212    211     8.88
   213    191     3.99
   214    213    20.42
   214    538     5.98
   215    216     7.48
   215    211    12.62
   216    485    19.34
   217    213     7.18
   218    219    14.96
   218    225    14.12
   219    218    14.96
   219    220    22.60
   219    224    16.01
   220    219    22.60
   220    188     4.60
   221    188    10.46
   221    232     9.41
   222    223    28.22
   222    224    25.82
   222     36    10.34
   223    220     1.60
   223    228    15.59
   224    225     0.88
   225    214    14.61
   226    222    17.08
   227    226    12.39
   227    228    12.34
   227    146    12.44
   228    227    12.34
   228    189     6.88
   228    223    15.59
   229    221     7.50
   230    231     3.81
   231    181     8.28
   231    413    15.08
   231    571     4.78
   232    221     9.41
   232    233    24.32
   232    230     9.16
   233    232    24.32
   233    469     1.50
   234    235    35.04
   235    119    19.51
   235     12     8.87
   236    237     2.45
   236    134     5.43
   237    236     2.45
   237    522     8.62
   238    239     7.71
   238    250    19.96
   238    537    17.71
   239    240    11.05
   239    243    21.19
   240    243    23.17
   240    539    28.54
   240    241    15.35
   241    242    18.09
   241    464    11.88
   241    249    30.74
   242    482     1.35
   243    244     8.12
   244    250     5.80
   245    246    14.25
   245    255     8.65
   245    250     4.14
   246    247     0.74
   246    252    13.56
   247    248     9.97
   248     14    10.81
   249    244    12.95
   250    258     8.77
   250    238    19.96
   250    245     4.14
   251    249    18.80
   251    464    28.96
   252    254     6.71
   252    197    13.97
   253    252     5.58
   253    440     5.56
   254    255     6.79
   255    546     3.40
   255    245     8.65
   256    257    16.10
   256    124     1.72
   257    258    12.53
   257    255    10.13
   258    259     3.31
   259    439     1.82
   260    368    15.94
   261    262    18.63
   261    436     4.97
   261    204    12.40
   262    434     7.56
   263     67    32.04
   264     62    12.64
   264     66     2.65
   265    266     1.18
   266    195     6.21
   266    427    10.66
   267    268    11.00
   268    422     4.58
   269    270    13.59
   270    400     2.54
   271    132    11.37
   271    130    14.40
   271    426    22.60
   272    273    16.71
   272    278    20.90
   273    272    16.71
   273    274     1.64
   274    273     1.64
   274    275    12.41
   275    276    29.11
   275    274    12.41
   275    550     7.47
   276    275    29.11
   276    277     3.25
   276    541     5.03
   277    276     3.25
   277    380     4.58
   278    279    22.09
   278    380    16.52
   279    278    22.09
   279    280    19.21
   280    279    19.21
   280     96    11.58
   280    129    16.45
   281    282     5.96
   281    297     1.07
   281    291    21.01
   282    283    15.29
   282    459    14.04
   283    292    14.17
   283    382    11.98
   284    285     9.41
   284    297     4.58
   285    496     9.19
   286    287    19.84
   286    381    27.56
   286    384     6.05
   287    288    28.56
   287    298    18.29
   288    423     0.44
   289    283    36.56
   290    291     1.67
   290    297    20.91
   291    289     2.48
   291    307     1.86
   292    283    14.17
   292    293     4.06
   292    460    15.74
   293    292     4.06
   294    295     3.08
   294     96     1.05
   295    450    11.76
   296    398     1.84
   296    308     2.72
   297    281     1.07
   297    397     6.02
   297    284     4.58
   298    299     1.60
   298    510     5.12
   299    516    19.17
   300    301     0.34
   300    489     0.67
   301    300     0.34
   301    424     2.78
   301    443     3.88
   302    303    18.59
   302    336    18.75
   302    199     3.64
   303    302    18.59
   303    392     4.04
   304    500     3.25
   305    306     2.06
   305    524     2.71
   306    405     2.09
   306    501     1.65
   307    296     8.28
   308    309    12.31
   308    296     2.72
   309    308    12.31
   310     17    10.27
   310    362     2.05
   311    471     9.01
   312     18     3.31
   313    122    14.89
   313    399    10.38
   314     51     0.81
   315    547     1.12
   315    340     1.54
   316     28     5.32
   317    318    26.42
   318    317    26.42
   318    319     4.46
   319    318     4.46
   319    320     6.41
   319    429     8.98
   320    319     6.41
   320    353     9.61
   320    430     9.20
   321    322    23.04
   321    353     5.46
   321    354     4.90
   322    321    23.04
   322    136     6.65
   323    416     1.77
   324    325     5.83
   324     23    16.78
   325    324     5.83
   325    561     4.36
   326    327     2.57
   327    326     2.57
   327    328     9.93
   328    329    17.27
   329    330     8.51
   329    335    12.04
   330    563    13.58
   331    332    12.56
   332    331    12.56
   332    333    12.52
   332    334    23.10
   333    332    12.52
   333    186     4.30
   333    334     6.30
   334    332    23.10
   334    499     8.18
   335    329    12.04
   335    327     6.80
   336    337    12.19
   336    344     2.58
   336    348     5.49
   336    558     1.70
   336    302    18.75
   337    559     1.29
   338     89     8.51
   339    340    10.41
   340    569     1.86
   341     90    10.21
   341     89     6.32
   341     31     5.40
   342     93     8.98
   342     95     4.76
   343     93     9.57
   343    453     2.79
   344    336     2.58
   344    385     2.00
   344    558     2.11
   345     25    12.76
   346    347     5.37
   347    535     2.66
   348    207    11.39
   349    350    29.13
   350    265     7.23
   350    352    11.23
   351    120    16.20
   352    120    11.38
   352    123    14.15
   353    320     9.61
   353    321     5.46
   353    354    17.30
   354    321     4.90
   354    355     7.24
   354    353    17.30
   355    354     7.24
   356    357    13.63
   357    356    13.63
   357     34     7.09
   357    372     0.70
   358    359     3.65
   358     29    19.70
   359    339     4.74
   359    360     4.30
   360    339     4.59
   360    369     5.42
   361     88    10.97
   362    310     2.05
   362    555     2.90
   362    387     1.65
   363    562     1.24
   363     24     1.22
   364    161    27.52
   365     75     8.48
   365     78    10.88
   366     75     8.52
   366     84     1.92
   367    395    13.69
   367    365     1.91
   368     63    23.08
   369    370    27.45
   369    371    24.17
   370    128     7.78
   371    358    15.13
   371     62     3.49
   372    323     1.34
   372    357     0.70
   373    166     6.95
   373    162     4.09
   373    169    13.37
   374    110     5.07
   374    152     2.49
   375     39     1.42
   376    163     6.75
   376    377    17.99
   377    176    17.58
   377    585     1.09
   378     37    13.29
   378    379    14.29
   379    378    14.29
   380    273    24.28
   380    277     4.58
   380    278    16.52
   381    286    27.56
   381    513     4.43
   381    512     0.93
   382    383     6.72
   383    286     1.41
   384    286     5.94
   385    386     3.29
   385    344     2.00
   385    554     1.54
   386    348     2.82
   386     87     8.87
   387    388     1.83
   387    362     1.65
   388    387     1.83
   388    555     3.12
   388    549     2.16
   389    390     1.11
   390    445     1.63
   391    392     3.02
   392    391     3.02
   392    303     4.04
   393    155     1.43
   394    155     2.18
   394    156     2.21
   395    533     0.66
   396     68    11.08
   396    502     3.81
   397    511     1.48
   398      2     1.17
   398    566     0.79
   399    313    10.38
   399    532     7.37
   399    543    18.45
   400     59    15.01
   401    402     0.65
   401    540     2.71
   402    401     0.65
   402    145     1.21
   403    404     4.31
   403    503     1.52
   404     79    31.40
   405    406     2.72
   405    500     1.58
   406    528     1.42
   407    256     6.99
   408     81    14.02
   409    544     2.21
   410    372     1.18
   411    412    13.99
   412     73    13.04
   413    233    10.98
   413    231    15.08
   413    470     2.15
   414     32     4.17
   415    312     8.05
   416     22     1.33
   417    436     2.00
   418    238    10.76
   419     56     1.81
   420    399    11.33
   421    490     2.50
   422    265     5.16
   423    424     3.91
   424    298    19.08
   424    517     0.36
   425     89    10.76
   425    553     0.87
   426    271    22.60
   427    266    10.66
   428    429    12.94
   429    430     6.53
   429    319     8.98
   430    136     9.66
   431    429     6.73
   431    428    11.29
   432    433     2.94
   433    396     7.32
   434    437    10.44
   434    438    15.94
   434    257     4.95
   435    174     4.37
   436    261     4.97
   436    437     2.73
   437    434    10.44
   437    259     2.89
   438    434    15.94
   438    368    11.37
   438    127     9.37
   439    418    18.00
   439    417     2.00
   440    253     5.56
   441    442    12.44
   441     12    14.08
   442     13    21.82
   443     91    12.03
   444    445     1.81
   444    508     1.43
   445    535     6.83
   446     20     1.13
   447    448     0.30
   448    560     1.64
   449    446    13.85
   450    452    18.82
   451     96    15.84
   452    405     0.92
   453    454    11.25
   453     97     1.27
   454    294     2.57
   455    456     3.81
   456    503     0.53
   457    403     1.33
   458    183     5.01
   458    525    11.46
   459    282    14.04
   460    292    15.74
   461     64     7.78
   462    335     6.41
   462    134     5.89
   462    563     0.99
   463    235    11.49
   464    237    16.62
   465    466    35.84
   466    465    35.84
   466    520     1.05
   467      7    11.70
   467    468     1.27
   468      9    17.27
   468     99     1.22
   469    470    10.31
   470    150    18.19
   470    413     2.15
   471    472     1.15
   471    475     8.18
   472    557     1.33
   473    474     1.70
   474    556     1.12
   475      5     1.75
   476    477     9.05
   477    478     8.73
   478    479     3.00
   479    565     0.43
   480    530     1.35
   481    581    14.76
   482    483     2.60
   483    236     8.37
   484    485     7.33
   485    486    14.47
   486    487     1.28
   486    583     3.61
   487     35     2.81
   488    190    16.20
   488    218     2.58
   489     94     2.43
   489    300     0.67
   489     30    11.27
   490    313    14.75
   491    103    10.74
   492    493     5.80
   493    542     3.43
   494    118     2.06
   494    349     2.20
   495     95    14.38
   495    496     1.12
   496    497     6.18
   496    495     1.12
   497    498     0.94
   497    515     1.29
   498    381     4.24
   499    462     0.83
   499    563     1.10
   500    305     0.94
   501    451    17.57
   502    396     3.81
   502    199     4.57
   502    432     9.93
   503    343     1.13
   504    505     4.63
   505    113     9.04
   506    507     3.74
   507    552     7.34
   508    509     2.97
   509    506     1.14
   510    498     1.30
   511    512     4.42
   511    285     6.17
   512    497     4.27
   512    381     0.93
   513    514     1.48
   513    511     0.94
   514    281     5.91
   515    299     5.02
   516    489     2.95
   517    516     0.60
   518      5     4.90
   518    575     1.90
   519    520    49.03
   520     30     1.00
   520    466     1.05
   520    301    11.45
   521      4     4.00
   522    523     1.80
   523    442     5.65
   524    529     3.37
   525    458    11.46
   526    527     2.94
   526    549     7.65
   527    526     2.94
   528      3     6.92
   529    480     0.86
   530    306     3.91
   531      6     6.38
   531    351    10.18
   532    399     7.37
   532    579     2.53
   533    534     1.69
   534    444     6.85
   535    536     1.51
   535    534     1.70
   536    365    13.46
   537    238    17.71
   538    582    10.53
   538     35     2.37
   539    482     5.41
   540    401     2.71
   540    137     0.64
   541    276     5.03
   542    108     8.34
   543    399    18.45
   543    564     2.91
   544    545     9.16
   545    140     3.21
   546     16     2.67
   546    255     3.40
   547    548     4.40
   547    315     1.12
   548    547     4.40
   548    564     4.56
   549    526     7.65
   549    388     2.16
   550    275     7.47
   551    584     2.09
   552    336     2.43
   553    554     1.25
   553    425     0.87
   554    553     1.25
   554     85     3.10
   554    385     1.54
   555    362     2.90
   555    388     3.12
   555    573     1.14
   556    311     1.04
   557      1     1.43
   558    346     6.59
   559    389     0.96
   560    449     1.36
   561     60     2.95
   561    325     4.36
   562    473     4.15
   563    462     0.99
   563    330    13.58
   564    548     4.56
   564    543     2.91
   565    568     1.58
   566      2     2.21
   567    476     1.42
   568     53     2.13
   569     47     1.84
   569     61     3.21
   570    467     7.52
   571    149     1.85
   571    231     4.78
   572    573    15.41
   572    574     0.84
   573    572    15.41
   573    555     1.14
   574    572     0.84
   574    575    11.46
   575    518     1.90
   575    574    11.46
   576    135     6.05
   577    578     2.09
   578    577     2.09
   578    165    11.15
   579    269    14.69
   580    187     3.97
   581    481    14.76
   581    200     5.57
   582    217    10.61
   583    582     1.37
   584    375     3.33
   585    377     1.09
